0001864
0006441
0014573
0026953
0027895
0042429
0042521
0042613
0043583
0051441
0058648
0058772
0059983
0064390
0069343
0070655
0071135
0073088
0074367
0076506
0078449
0083424
0083707
0086556
0086712
0089879
0091781
0091808
0092743
0092873
0093608
0096030
0097255
0098270
0100086
0100439
0105562
0107967
0111146
0111681
0112253
0113330
0115759
0118007
0118512
0120511
0120936
0120984
0122045
0123313
0123710
0124528
0124693
0125965
0127116
0127207
0128241
0128247
0129210
0130008
0130219
0130824
0131939
0132888        
0133237
0133268        
0133887
0133991        
0134483        
0134708        
0134854        
0136643        
0136683        
0139856        
0139900        
0140201
0140510
0140826
0141791
0141932        
0142288
0142570        
0142816
0143781
0145104
0145106
0146611        
0147872        
0148191        
0148588        
0149428        
0150115
0150387        
0151554        
0151707        
0152507
0152668        
0153165        
0153264
0153785        
0154677
0155050
0155994        
0156221
0156413 
0156448        
0157021        
0158487        
0158502        
0158611
0160905        
0163265
0163754        
0164758        
0164922
0165320
0165475        
0165545
0165652        
0166075
0166148        
0166262        
0166563        
0166830        
0166994
0167597        
0167630        
0167915
0168367        
0169285        
0169450        
0169466
0169566
0169621        
0170006        
0170098
0170104        
0171079        
0171700
0171836        
0171842        
0173341        
0173253
0173255
0173341        
0175209        
0175792
0176044
0175209        
0177028
0175792
0176044
0177028
0178739
0179603        
0179802        
0179823        
0180655        
0181729        
0181867 
0182029        
0183345
0183733 
0183743        
0183860
0184582        
0185764       
0187092        
0187693
0187696
0188478        
0189267        
0189711 
0189760        
0189776        
0190256
0190435        
0191643        
0192321        
0192325        
0193028
0193266        
0193561        
0193810
0195894
0196203        
0196903
0197822
0199638 
0200370        
0200391
0200507        
0202452        
0203058 
0203417
0203568        
0204182        
0204221
0206270 
0206875        
0207270        
0207271        
0207302        
0207304        
0207753
0207830        
0209480        
0209537
0209629        
0210213
0211853
0212120
0213440
0215341
0215389
0216223        
0216260
0216377
0216388        
0216575
0216714
0217847
0218377        
0218552        
0219330        
0219862
0220351        
0221475        
0222546        
0222880
0223092        
0223792        
0224020 
0224036
0225040        
0225372
0225479
0225708
0225724
0225729        
0225741        
0225992       
0226340        
0226827        
0227005        
0227151
0228219
0228540        
0228670        
0228697 
0229154        
0229702
0230385
0230718        
0231061 
0232641
0233005        
0233061        
0233140
0233674        
0233971        
0234051
0234161       
0234722        
0235177        
0235586
0235948        
0236068        
0236653
0237148        
0237852        
0237892        
0237981
0238002        
0238023        
0238084        
0238641
0239212        
0239364        
0239709        
0239955       
0240010        
0240431        
0241071        
0241286        
0241466
0241473        
0241649
0242538        
0243836        
0243843        
0244075        
0244334
0245245        
0245309        
0245840        
0245959        
0245997
0246291
0246407        
0246439
0246747
0246879        
0246914
0247054        
0247683
0247710
0247843        
0247870
0248077        
0248388
0248829
0248904        
0248931 
0248965        
0249395        
0249415        
0250296       
0250507
0250625        
0251296
0251323        
0251331
0252036
0252993        
0253449
0253697        
0253709        
0253783
0253819        
0253982        
0254017        
0254732        
0254820
0255234        
0255276
0256074        
0256097 
0256115        
0256302
0256787        
0256963
0257083
0257270
0257565
0257610        
0257703
0257731        
0258230        
0258484        
0258530
0259070 
0266293
0266345        
0266564        
0266739        
0267226
0268129       
0268178        
0268485 
0268544        
0269127 
0269979        
0270251        
0270537        
0270961        
0271154        
0271424        
0271516
0271536        
0271640        
0272000        
0272152        
0272494 
0272563        
0272784
0272903        
0273321        
0273364
0273388
0274283        
0275760
0275876
0275886
0275974
0276265
0276943
0277553
0277590        
0277611
0277637
0277854
0277875        
0278637        
0278786
0278929        
0279466
0279565        
0279873        
0280048        
0280444        
0280463
0280618        
0281038        
0281440        
0281765
0282259        
0282279
0282431
0282683        
0282778
0282887
0282954
0283797        
0283841        
0284059
0284112
0284266       
0284300
0284301 
0284916
0285163      
0285516        
0285624        
0285855
0285982        
0286230        
0286270        
0286724        
0287152
0287657        
0287971        
0288005
0288122 
0288343
0288617
0289427        
0289687        
0289886        
0289897        
0290434       
0290437
0290620        
0290716        
0290751        
0291391 
0291810        
0292058 
0292367
0292477
0292547        
0292995
0293542 
0293629
0293674
0294053
0294222        
0294233        
0294340        
0294470
0294771        
0295075        
0295245        
0295328
0295412
0295485        
0295836        
0296411        
0296684
0296734        
0297918
0298174        
0298176        
0298354        
0298665
0299564       
0299861        
0300287
0300468
0300660        
0300735        
0300739        
0300741 
0300821        
0300974
0301884        
0301892       
0302036        
0302536       
0303074
0303088        
0303514        
0303886        
0304099       
0304558       
0305244 
0306010        
0306061        
0306245
0306364        
0306406        
0306467
0306481        
0306511        
0306710        
0307479 
0307867        
0308107        
0308532        
0308630
0308956
0309680
0309696        
0309732
0310412
0310742        
0311030        
0311055
0311113
0311772       
0311961
0312280
0312696        
0312753        
0313805        
0314206
0314595        
0314663
0314808
0314967
0314980        
0315263       
0315436
0315543 
0315575        
0315576        
0315951
0316366        
0316428       
0316568
0316662       
0316886        
0317057        
0317348        
0317541        
0317628
0317711
0317830
0317878
0318253       
0318348
0318458       
0318593        
0318697        
0318889        
0319441        
0319474
0319537
0319950        
0319973        
0320032        
0320139        
0320349
0320487        
0320749        
0320778        
0321037        
0321175        
0321444
0321888
0321898        
0322261
0322506
0323343        
0323812
0324038
0324055
0324156        
0324159       
0324422
0324925        
0324993
0325048
0325687        
0325739        
0326662
0326676        
0326778
0326840        
0327036        
0329255        
0329384
0329876
0330067
0330352
0331031
0331099        
0331232        
0331563        
0331589        
0332056        
0332217        
0332256        
0332473        
0332510        
0332655
0332828
0333004
0333048
0334746        
0334876
0334941        
0335131
0335448
0335450
0335460
0336250        
0336687
0336886
0336992
0336993        
0337029        
0337055
0337677
0337823
0337869        
0337908        
0337917        
0338191
0338437        
0338453
0338469
0338531        
0338804        
0338819        
0339001        
0339093        
0339174        
0340629        
0340639        
0340680
0340690
0340993        
0341537        
0341594        
0341903
0342104
0342538        
0342755        
0342538        
0342755        
0343484
0344064        
0344068
0344337
0344552        
0345237
0345531
0345728        
0345766
0345790        
0345998        
0346021
0346566        
0346658      
0346900        
0347344
0347689        
0347702
0348679
0348726
0348954       
0349247        
0349665
0349720        
0350056        
0350166
0350312        
0350431        
0350473        
0350812        
0350951 
0351051        
0351063        
0351993
0352091
0352183
0352256
0352671        
0352713        
0353586        
0353670
0354503
0354699        
0355243        
0355262
0355447        
0355448        
0355450        
0355541        
0355588        
0355770        
0355806        
0355880
0356323        
0357114        
0357120        
0357412
0357524        
0357619        
0357794       
0357887
0358050        
0358159        
0358313       
0358432       
0358710        
0359884
0360922
0361232
0361463        
0362509        
0363246        
0363779
0363936
0363937        
0363952
0363985
0364614        
0365611
0365623
0365988        
0366475        
0366867        
0366876        
0367279        
0367638        
0367814        
0368054
0368708        
0368821
0369373        
0369536        
0369574        
0370273
0370456        
0372219        
0372865
0374181        
0374557        
0375051
0375811        
0376283
0376743        
0376907        
0377118        
0377187
0377409        
0377601
0377622        
0377627        
0377872        
0377957
0378222
0378455
0378661        
0378789
0378820
0378999        
0379823
0380078       
0380385
0400091
0400097
0400475
0401625
0401626
0404489
0404637
0405020
0405370
0405628
0405670
0406329
0406508
0407913
0408127
0408194
0408325
0408553
0408582
0409481
0409724
0410050
0410902
0411079
0411167
0411573
0411815
0411821
0412253
0412259
0412435
0412615
0412972
0413408
0414196
0414496
0414813
0415112
0415557
0415813
0416088
0416104
0416521
0417368
0417392
0417861
0418193
0418196
0420313
0420654
0421646
0422209
0423534
0423562
0424249
0424256
0424747
0425724
0426390
0426847
0427940
0428668
0429643
0431175
0431187
0431707
0432364
0440901
0441765

